0.000000000000000000e+00 0.000000000000000000e+00
1.000000000000000021e-02 9.999833334166664464e-03
2.000000000000000042e-02 1.999866669333308020e-02
2.999999999999999889e-02 2.999550020249566046e-02
4.000000000000000083e-02 3.998933418663416089e-02
5.000000000000000278e-02 4.997916927067833082e-02
5.999999999999999778e-02 5.996400647944459539e-02
7.000000000000000666e-02 6.994284733753276806e-02
8.000000000000000167e-02 7.991469396917269541e-02
8.999999999999999667e-02 8.987854919801104014e-02
1.000000000000000056e-01 9.983341664682815475e-02
1.100000000000000006e-01 1.097783008371748109e-01
1.199999999999999956e-01 1.197122072889193617e-01
1.300000000000000044e-01 1.296341426196948587e-01
1.400000000000000133e-01 1.395431146442364934e-01
1.499999999999999944e-01 1.494381324735992167e-01
1.600000000000000033e-01 1.593182066142459774e-01
1.700000000000000122e-01 1.691823490669960295e-01
1.799999999999999933e-01 1.790295734258241789e-01
1.900000000000000022e-01 1.888588949765005742e-01
2.000000000000000111e-01 1.986693307950612164e-01
2.099999999999999922e-01 2.084598998460995556e-01
2.200000000000000011e-01 2.182296230808693227e-01
2.300000000000000100e-01 2.279775235351884088e-01
2.399999999999999911e-01 2.377026264271345779e-01
2.500000000000000000e-01 2.474039592545229371e-01
2.600000000000000089e-01 2.570805518921551180e-01
2.700000000000000178e-01 2.667314366888311472e-01
2.800000000000000266e-01 2.763556485641137650e-01
2.899999999999999800e-01 2.859522251048355335e-01
2.999999999999999889e-01 2.955202066613395462e-01
3.099999999999999978e-01 3.050586364434434983e-01
3.200000000000000067e-01 3.145665606161177630e-01
3.300000000000000155e-01 3.240430283948683710e-01
3.400000000000000244e-01 3.334870921408144007e-01
3.500000000000000333e-01 3.428978074554513977e-01
3.599999999999999867e-01 3.522742332750899430e-01
3.699999999999999956e-01 3.616154319649619864e-01
3.800000000000000044e-01 3.709204694129826785e-01
3.900000000000000133e-01 3.801884151231614273e-01
4.000000000000000222e-01 3.894183423086505225e-01
4.100000000000000311e-01 3.986093279844229453e-01
4.199999999999999845e-01 4.077604530595701493e-01
4.299999999999999933e-01 4.168708024292107628e-01
4.400000000000000022e-01 4.259394650659996118e-01
4.500000000000000111e-01 4.349655341112302342e-01
4.600000000000000200e-01 4.439481069655197842e-01
4.700000000000000289e-01 4.528862853790683318e-01
4.799999999999999822e-01 4.617791755414828447e-01
4.899999999999999911e-01 4.706258881711580244e-01
5.000000000000000000e-01 4.794255386042030054e-01
5.100000000000000089e-01 4.881772468829074785e-01
5.200000000000000178e-01 4.968801378437367466e-01
5.300000000000000266e-01 5.055333412048469421e-01
5.400000000000000355e-01 5.141359916531130780e-01
5.500000000000000444e-01 5.226872289306592201e-01
5.600000000000000533e-01 5.311861979208833962e-01
5.700000000000000622e-01 5.396320487339693051e-01
5.799999999999999600e-01 5.480239367918735560e-01
5.899999999999999689e-01 5.563610229127837759e-01
5.999999999999999778e-01 5.646424733950353714e-01
6.099999999999999867e-01 5.728674601004812850e-01
6.199999999999999956e-01 5.810351605373050843e-01
6.300000000000000044e-01 5.891447579422695036e-01
6.400000000000000133e-01 5.971954413623921099e-01
6.500000000000000222e-01 6.051864057360395455e-01
6.600000000000000311e-01 6.131168519734337963e-01
6.700000000000000400e-01 6.209859870365597168e-01
6.800000000000000488e-01 6.287930240184685937e-01
6.900000000000000577e-01 6.365371822219679787e-01
7.000000000000000666e-01 6.442176872376911279e-01
7.099999999999999645e-01 6.518337710215366121e-01
7.199999999999999734e-01 6.593846719714731019e-01
7.299999999999999822e-01 6.668696350036978915e-01
7.399999999999999911e-01 6.742879116281450536e-01
7.500000000000000000e-01 6.816387600233341226e-01
7.600000000000000089e-01 6.889214451105513115e-01
7.700000000000000178e-01 6.961352386273567117e-01
7.800000000000000266e-01 7.032794192004102607e-01
7.900000000000000355e-01 7.103532724176078172e-01
8.000000000000000444e-01 7.173560908995227914e-01
8.100000000000000533e-01 7.242871743701425613e-01
8.200000000000000622e-01 7.311458297268959017e-01
8.300000000000000711e-01 7.379313711099627637e-01
8.399999999999999689e-01 7.446431199708593018e-01
8.499999999999999778e-01 7.512804051402927064e-01
8.599999999999999867e-01 7.578425628952769610e-01
8.699999999999999956e-01 7.643289370255050841e-01
8.800000000000000044e-01 7.707388788989693040e-01
8.900000000000000133e-01 7.770717475268238417e-01
9.000000000000000222e-01 7.833269096274834142e-01
9.100000000000000311e-01 7.895037396899504678e-01
9.200000000000000400e-01 7.956016200363660307e-01
9.300000000000000488e-01 8.016199408837771934e-01
9.400000000000000577e-01 8.075581004051143319e-01
9.500000000000000666e-01 8.134155047893737445e-01
9.599999999999999645e-01 8.191915683009982629e-01
9.699999999999999734e-01 8.248857133384500662e-01
9.799999999999999822e-01 8.304973704919704769e-01
9.899999999999999911e-01 8.360259786005205251e-01
1.000000000000000000e+00 8.414709848078965049e-01
1.010000000000000009e+00 8.468318446180151948e-01
1.020000000000000018e+00 8.521080219493629704e-01
1.030000000000000027e+00 8.572989891886033664e-01
1.040000000000000036e+00 8.624042272433384282e-01
1.050000000000000044e+00 8.674232255940169667e-01
1.060000000000000053e+00 8.723554823449862772e-01
1.070000000000000062e+00 8.772005042746816583e-01
1.080000000000000071e+00 8.819578068849475150e-01
1.090000000000000080e+00 8.866269144494872689e-01
1.100000000000000089e+00 8.912073600614354163e-01
1.110000000000000098e+00 8.956986856800476238e-01
1.120000000000000107e+00 9.001004421765050889e-01
1.130000000000000115e+00 9.044121893788259481e-01
1.140000000000000124e+00 9.086334961158832879e-01
1.150000000000000133e+00 9.127639402605211005e-01
1.159999999999999920e+00 9.168031087717668504e-01
1.169999999999999929e+00 9.207505977361356564e-01
1.179999999999999938e+00 9.246060124080203169e-01
1.189999999999999947e+00 9.283689672491666212e-01
1.199999999999999956e+00 9.320390859672262884e-01
1.209999999999999964e+00 9.356160015533859786e-01
1.219999999999999973e+00 9.390993563190676019e-01
1.229999999999999982e+00 9.424888019316974841e-01
1.239999999999999991e+00 9.457839994495389480e-01
1.250000000000000000e+00 9.489846193555862008e-01
1.260000000000000009e+00 9.520903415905157541e-01
1.270000000000000018e+00 9.551008555846922654e-01
1.280000000000000027e+00 9.580158602892249187e-01
1.290000000000000036e+00 9.608350642060726754e-01
1.300000000000000044e+00 9.635581854171929583e-01
1.310000000000000053e+00 9.661849516127339887e-01
1.320000000000000062e+00 9.687151001182652266e-01
1.330000000000000071e+00 9.711483779210445810e-01
1.340000000000000080e+00 9.734845416953193942e-01
1.350000000000000089e+00 9.757233578266590879e-01
1.360000000000000098e+00 9.778646024353162547e-01
1.370000000000000107e+00 9.799080613986141941e-01
1.380000000000000115e+00 9.818535303723597840e-01
1.390000000000000124e+00 9.837008148112765804e-01
1.400000000000000133e+00 9.854497299884602546e-01
1.409999999999999920e+00 9.871001010138503728e-01
1.419999999999999929e+00 9.886517628517197398e-01
1.429999999999999938e+00 9.901045603371777526e-01
1.439999999999999947e+00 9.914583481916864338e-01
1.449999999999999956e+00 9.927129910375884769e-01
1.459999999999999964e+00 9.938683634116448617e-01
1.469999999999999973e+00 9.949243497775809297e-01
1.479999999999999982e+00 9.958808445376400309e-01
1.489999999999999991e+00 9.967377520431434101e-01
1.500000000000000000e+00 9.974949866040544455e-01
1.510000000000000009e+00 9.981524724975481266e-01
1.520000000000000018e+00 9.987101439755829979e-01
1.530000000000000027e+00 9.991679452714760101e-01
1.540000000000000036e+00 9.995258306054790598e-01
1.550000000000000044e+00 9.997837641893569938e-01
1.560000000000000053e+00 9.999417202299663021e-01
1.570000000000000062e+00 9.999996829318346103e-01
1.580000000000000071e+00 9.999576464987400826e-01
1.590000000000000080e+00 9.998156151342908471e-01
1.600000000000000089e+00 9.995736030415051099e-01
1.610000000000000098e+00 9.992316344213905133e-01
1.620000000000000107e+00 9.987897434705239608e-01
1.630000000000000115e+00 9.982479743776324632e-01
1.640000000000000124e+00 9.976063813191736740e-01
1.650000000000000133e+00 9.968650284539188888e-01
1.660000000000000142e+00 9.960239899165367339e-01
1.669999999999999929e+00 9.950833498101802066e-01
1.679999999999999938e+00 9.940432021980759592e-01
1.689999999999999947e+00 9.929036510941184890e-01
1.699999999999999956e+00 9.916648104524685703e-01
1.709999999999999964e+00 9.903268041561580359e-01
1.719999999999999973e+00 9.888897660047014648e-01
1.729999999999999982e+00 9.873538397007164402e-01
1.739999999999999991e+00 9.857191788355534889e-01
1.750000000000000000e+00 9.839859468739369230e-01
1.760000000000000009e+00 9.821543171376184711e-01
1.770000000000000018e+00 9.802244727880454755e-01
1.780000000000000027e+00 9.781966068080446552e-01
1.790000000000000036e+00 9.760709219825242089e-01
1.800000000000000044e+00 9.738476308781951474e-01
1.810000000000000053e+00 9.715269558223152968e-01
1.820000000000000062e+00 9.691091288804563053e-01
1.830000000000000071e+00 9.665943918332975393e-01
1.840000000000000080e+00 9.639829961524480906e-01
1.850000000000000089e+00 9.612752029752998917e-01
1.860000000000000098e+00 9.584712830789141602e-01
1.870000000000000107e+00 9.555715168529439474e-01
1.880000000000000115e+00 9.525761942715953445e-01
1.890000000000000124e+00 9.494856148646304561e-01
1.900000000000000133e+00 9.463000876874144707e-01
1.910000000000000142e+00 9.430199312900104935e-01
1.919999999999999929e+00 9.396454736853249168e-01
1.929999999999999938e+00 9.361770523163061020e-01
1.939999999999999947e+00 9.326150140222004836e-01
1.949999999999999956e+00 9.289597150038693130e-01
1.959999999999999964e+00 9.252115207881682624e-01
1.969999999999999973e+00 9.213708061913954417e-01
1.979999999999999982e+00 9.174379552818098249e-01
1.989999999999999991e+00 9.134133613412251940e-01
2.000000000000000000e+00 9.092974268256817094e-01
2.010000000000000231e+00 9.050905633252008808e-01
2.020000000000000018e+00 9.007931915226272679e-01
2.030000000000000249e+00 8.964057411515597984e-01
2.040000000000000036e+00 8.919286509533795870e-01
2.049999999999999822e+00 8.873623686333754756e-01
2.060000000000000053e+00 8.827073508159740678e-01
2.069999999999999840e+00 8.779640629990781431e-01
2.080000000000000071e+00 8.731329795075164490e-01
2.089999999999999858e+00 8.682145834456126421e-01
2.100000000000000089e+00 8.632093666488737105e-01
2.109999999999999876e+00 8.581178296348088708e-01
2.120000000000000107e+00 8.529404815528761619e-01
2.129999999999999893e+00 8.476778401335698376e-01
2.140000000000000124e+00 8.423304316366456712e-01
2.149999999999999911e+00 8.368987907984977159e-01
2.160000000000000142e+00 8.313834607786830810e-01
2.169999999999999929e+00 8.257849931056081560e-01
2.180000000000000160e+00 8.201039476213740631e-01
2.189999999999999947e+00 8.143408924257959924e-01
2.200000000000000178e+00 8.084964038195900926e-01
2.209999999999999964e+00 8.025710662467472334e-01
2.220000000000000195e+00 7.965654722360865359e-01
2.229999999999999982e+00 7.904802223420047680e-01
2.240000000000000213e+00 7.843159250844198294e-01
2.250000000000000000e+00 7.780731968879212035e-01
2.260000000000000231e+00 7.717526620201257126e-01
2.270000000000000018e+00 7.653549525292534517e-01
2.280000000000000249e+00 7.588807081809217925e-01
2.290000000000000036e+00 7.523305763941707802e-01
2.300000000000000266e+00 7.457052121767200337e-01
2.310000000000000053e+00 7.390052780594708048e-01
2.319999999999999840e+00 7.322314440302514216e-01
2.330000000000000071e+00 7.253843874668195468e-01
2.339999999999999858e+00 7.184647930691262507e-01
2.350000000000000089e+00 7.114733527908443378e-01
2.359999999999999876e+00 7.044107657701761394e-01
2.370000000000000107e+00 6.972777382599377738e-01
2.379999999999999893e+00 6.900749835569364166e-01
2.390000000000000124e+00 6.828032219306396922e-01
2.399999999999999911e+00 6.754631805511509546e-01
2.410000000000000142e+00 6.680555934164909004e-01
2.419999999999999929e+00 6.605812012792007248e-01
2.430000000000000160e+00 6.530407515722648215e-01
2.439999999999999947e+00 6.454349983343707908e-01
2.450000000000000178e+00 6.377647021345036471e-01
2.459999999999999964e+00 6.300306299958922107e-01
2.470000000000000195e+00 6.222335553193045765e-01
2.479999999999999982e+00 6.143742578057117543e-01
2.490000000000000213e+00 6.064535233783147072e-01
2.500000000000000000e+00 5.984721441039564382e-01
2.510000000000000231e+00 5.904309181139126839e-01
2.520000000000000018e+00 5.823306495240818670e-01
2.530000000000000249e+00 5.741721483545723093e-01
2.540000000000000036e+00 5.659562304487028017e-01
2.550000000000000266e+00 5.576837173914166446e-01
2.560000000000000053e+00 5.493554364271265866e-01
2.569999999999999840e+00 5.409722203769885551e-01
2.580000000000000071e+00 5.325349075556211620e-01
2.589999999999999858e+00 5.240443416872760940e-01
2.600000000000000089e+00 5.155013718214641605e-01
2.609999999999999876e+00 5.069068522480534300e-01
2.620000000000000107e+00 4.982616424118385678e-01
2.629999999999999893e+00 4.895666068265995263e-01
2.640000000000000124e+00 4.808226149886482559e-01
2.649999999999999911e+00 4.720305412898826436e-01
2.660000000000000142e+00 4.631912649303451812e-01
2.669999999999999929e+00 4.543056698303064578e-01
2.680000000000000160e+00 4.453746445418711453e-01
2.689999999999999947e+00 4.363990821601262948e-01
2.700000000000000178e+00 4.273798802338297786e-01
2.709999999999999964e+00 4.183179406756589724e-01
2.720000000000000195e+00 4.092141696720172916e-01
2.729999999999999982e+00 4.000694775924195090e-01
2.740000000000000213e+00 3.908847788984521898e-01
2.750000000000000000e+00 3.816609920523317268e-01
2.760000000000000231e+00 3.723990394250553115e-01
2.770000000000000018e+00 3.630998472041683245e-01
2.780000000000000249e+00 3.537643453011427019e-01
2.790000000000000036e+00 3.443934672583899848e-01
2.800000000000000266e+00 3.349881501559046626e-01
2.810000000000000053e+00 3.255493345175600184e-01
2.819999999999999840e+00 3.160779642170538084e-01
2.830000000000000071e+00 3.065749863835229294e-01
2.839999999999999858e+00 2.970413513068324018e-01
2.850000000000000089e+00 2.874780123425443867e-01
2.859999999999999876e+00 2.778859258165867763e-01
2.870000000000000107e+00 2.682660509296179163e-01
2.879999999999999893e+00 2.586193496611108311e-01
2.890000000000000124e+00 2.489467866731525647e-01
2.899999999999999911e+00 2.392493292139824257e-01
2.910000000000000142e+00 2.295279470212641948e-01
2.919999999999999929e+00 2.197836122251169422e-01
2.930000000000000160e+00 2.100172992508991532e-01
2.939999999999999947e+00 2.002299847217705320e-01
2.950000000000000178e+00 1.904226473610270420e-01
2.959999999999999964e+00 1.805962678942329147e-01
2.970000000000000195e+00 1.707518289511453236e-01
2.979999999999999982e+00 1.608903149674557609e-01
2.990000000000000213e+00 1.510127120863438421e-01
3.000000000000000000e+00 1.411200080598672135e-01
3.010000000000000231e+00 1.312131921501837883e-01
3.020000000000000018e+00 1.212932550306297513e-01
3.030000000000000249e+00 1.113611886866495843e-01
3.040000000000000036e+00 1.014179863166018575e-01
3.050000000000000266e+00 9.146464223243674918e-02
3.060000000000000053e+00 8.150215176026912034e-02
3.070000000000000284e+00 7.153151114084325968e-02
3.080000000000000071e+00 6.155371742991314760e-02
3.089999999999999858e+00 5.156976839853463779e-02
3.100000000000000089e+00 4.158066243329049116e-02
3.109999999999999876e+00 3.158739843645389650e-02
3.120000000000000107e+00 2.159097572609595950e-02
3.129999999999999893e+00 1.159239393615827535e-02
3.140000000000000124e+00 1.592652916486828225e-03
3.149999999999999911e+00 -8.407247367148618436e-03
3.160000000000000142e+00 -1.840630693305380858e-02
3.169999999999999929e+00 -2.840352588360378974e-02
3.180000000000000160e+00 -3.839790450523537790e-02
3.189999999999999947e+00 -4.838844336841414961e-02
3.200000000000000178e+00 -5.837414342758008579e-02
3.209999999999999964e+00 -6.835400612104777784e-02
3.220000000000000195e+00 -7.832703347086529544e-02
3.229999999999999982e+00 -8.829222818260759609e-02
3.240000000000000213e+00 -9.824859374510867827e-02
3.250000000000000000e+00 -1.081951345301083722e-01
3.260000000000000231e+00 -1.181308558918178070e-01
3.270000000000000018e+00 -1.280547642663796837e-01
3.280000000000000249e+00 -1.379658672712272827e-01
3.290000000000000036e+00 -1.478631738043185151e-01
3.300000000000000266e+00 -1.577456941432486548e-01
3.310000000000000053e+00 -1.676124400442183249e-01
3.320000000000000284e+00 -1.774624248408605831e-01
3.330000000000000071e+00 -1.872946635429031670e-01
3.339999999999999858e+00 -1.971081729346698397e-01
3.350000000000000089e+00 -2.069019716733997427e-01
3.359999999999999876e+00 -2.166750803873796205e-01
3.370000000000000107e+00 -2.264265217738831437e-01
3.379999999999999893e+00 -2.361553206968969865e-01
3.390000000000000124e+00 -2.458605042846370159e-01
3.399999999999999911e+00 -2.555411020268312239e-01
3.410000000000000142e+00 -2.651961458717733700e-01
3.419999999999999929e+00 -2.748246703231240207e-01
3.430000000000000160e+00 -2.844257125364625383e-01
3.439999999999999947e+00 -2.939983124155676197e-01
3.450000000000000178e+00 -3.035415127084293285e-01
3.459999999999999964e+00 -3.130543591029701922e-01
3.470000000000000195e+00 -3.225359003224789745e-01
3.479999999999999982e+00 -3.319851882207340843e-01
3.490000000000000213e+00 -3.414012778768209522e-01
3.500000000000000000e+00 -3.507832276896198365e-01
3.510000000000000231e+00 -3.601300994719685566e-01
3.520000000000000018e+00 -3.694409585444771160e-01
3.530000000000000249e+00 -3.787148738289980443e-01
3.540000000000000036e+00 -3.879509179417303111e-01
3.550000000000000266e+00 -3.971481672859601963e-01
3.560000000000000053e+00 -4.063057021444168027e-01
3.570000000000000284e+00 -4.154226067712462611e-01
3.580000000000000071e+00 -4.244979694835825934e-01
3.589999999999999858e+00 -4.335308827527177278e-01
3.600000000000000089e+00 -4.425204432948524613e-01
3.609999999999999876e+00 -4.514657521614231506e-01
3.620000000000000107e+00 -4.603659148289983016e-01
3.629999999999999893e+00 -4.692200412887271299e-01
3.640000000000000124e+00 -4.780272461353428648e-01
3.649999999999999911e+00 -4.867866486556993721e-01
3.660000000000000142e+00 -4.954973729168449248e-01
3.669999999999999929e+00 -5.041585478536114717e-01
3.680000000000000160e+00 -5.127693073557237913e-01
3.689999999999999947e+00 -5.213287903544064905e-01
3.700000000000000178e+00 -5.298361409084934026e-01
3.709999999999999964e+00 -5.382905082900175664e-01
3.720000000000000195e+00 -5.466910470692871726e-01
3.729999999999999982e+00 -5.550369171994238293e-01
3.740000000000000213e+00 -5.633272841003700293e-01
3.750000000000000000e+00 -5.715613187423437269e-01
3.760000000000000231e+00 -5.797381977287431321e-01
3.770000000000000018e+00 -5.878571033784827371e-01
3.780000000000000249e+00 -5.959172238077642403e-01
3.790000000000000036e+00 -6.039177530112606052e-01
3.800000000000000266e+00 -6.118578909427192514e-01
3.810000000000000053e+00 -6.197368435949632826e-01
3.820000000000000284e+00 -6.275538230792937489e-01
3.830000000000000071e+00 -6.353080477042756247e-01
3.839999999999999858e+00 -6.429987420539088339e-01
3.850000000000000089e+00 -6.506251370651673360e-01
3.859999999999999876e+00 -6.581864701049049415e-01
3.870000000000000107e+00 -6.656819850461191956e-01
3.879999999999999893e+00 -6.731109323435616743e-01
3.890000000000000124e+00 -6.804725691086940254e-01
3.899999999999999911e+00 -6.877661591839737687e-01
3.910000000000000142e+00 -6.949909732164719633e-01
3.919999999999999929e+00 -7.021462887308054235e-01
3.930000000000000160e+00 -7.092313902013861471e-01
3.939999999999999947e+00 -7.162455691239705269e-01
3.950000000000000178e+00 -7.231881240865121185e-01
3.959999999999999964e+00 -7.300583608392995361e-01
3.970000000000000195e+00 -7.368555923643832495e-01
3.979999999999999982e+00 -7.435791389442746313e-01
3.990000000000000213e+00 -7.502283282299189171e-01
4.000000000000000000e+00 -7.568024953079282025e-01
4.009999999999999787e+00 -7.633009827670733660e-01
4.020000000000000462e+00 -7.697231407640243717e-01
4.030000000000000249e+00 -7.760683270883322882e-01
4.040000000000000036e+00 -7.823359072266528047e-01
4.049999999999999822e+00 -7.885252544261950325e-01
4.060000000000000497e+00 -7.946357497573973694e-01
4.070000000000000284e+00 -8.006667821758176595e-01
4.080000000000000071e+00 -8.066177485832405347e-01
4.089999999999999858e+00 -8.124880538879842851e-01
4.099999999999999645e+00 -8.182771110644102563e-01
4.110000000000000320e+00 -8.239843412116257815e-01
4.120000000000000107e+00 -8.296091736113708759e-01
4.129999999999999893e+00 -8.351510457850934710e-01
4.139999999999999680e+00 -8.406094035501945338e-01
4.150000000000000355e+00 -8.459837010754465147e-01
4.160000000000000142e+00 -8.512734009355744647e-01
4.169999999999999929e+00 -8.564779741650011546e-01
4.179999999999999716e+00 -8.615969003107405433e-01
4.190000000000000391e+00 -8.666296674844442549e-01
4.200000000000000178e+00 -8.715757724135881901e-01
4.209999999999999964e+00 -8.764347204918013778e-01
4.219999999999999751e+00 -8.812060258283253011e-01
4.230000000000000426e+00 -8.858892112966026966e-01
4.240000000000000213e+00 -8.904838085819885007e-01
4.250000000000000000e+00 -8.949893582285834981e-01
4.259999999999999787e+00 -8.994054096851776814e-01
4.270000000000000462e+00 -9.037315213503056555e-01
4.280000000000000249e+00 -9.079672606164054249e-01
4.290000000000000036e+00 -9.121122039130803438e-01
4.299999999999999822e+00 -9.161659367494549011e-01
4.310000000000000497e+00 -9.201280537556240091e-01
4.320000000000000284e+00 -9.239981587231879123e-01
4.330000000000000071e+00 -9.277758646448754920e-01
4.339999999999999858e+00 -9.314607937532425330e-01
4.350000000000000533e+00 -9.350525775584493937e-01
4.360000000000000320e+00 -9.385508568851078648e-01
4.370000000000000107e+00 -9.419552819082009920e-01
4.379999999999999893e+00 -9.452655121880633171e-01
4.389999999999999680e+00 -9.484812167044256448e-01
4.400000000000000355e+00 -9.516020738895161202e-01
4.410000000000000142e+00 -9.546277716602163954e-01
4.419999999999999929e+00 -9.575580074492711091e-01
4.429999999999999716e+00 -9.603924882355433512e-01
4.440000000000000391e+00 -9.631309305733166681e-01
4.450000000000000178e+00 -9.657730606206388346e-01
4.459999999999999964e+00 -9.683186141667071700e-01
4.469999999999999751e+00 -9.707673366582882934e-01
4.480000000000000426e+00 -9.731189832251738725e-01
4.490000000000000213e+00 -9.753733187046664810e-01
4.500000000000000000e+00 -9.775301176650970092e-01
4.509999999999999787e+00 -9.795891644283668542e-01
4.520000000000000462e+00 -9.815502530915155566e-01
4.530000000000000249e+00 -9.834131875473107742e-01
4.540000000000000036e+00 -9.851777815038594843e-01
4.549999999999999822e+00 -9.868438585032365262e-01
4.560000000000000497e+00 -9.884112519391305973e-01
4.570000000000000284e+00 -9.898798050735039267e-01
4.580000000000000071e+00 -9.912493710522669588e-01
4.589999999999999858e+00 -9.925198129199631625e-01
4.600000000000000533e+00 -9.936910036334645202e-01
4.610000000000000320e+00 -9.947628260746755879e-01
4.620000000000000107e+00 -9.957351730622453490e-01
4.629999999999999893e+00 -9.966079473622855289e-01
4.639999999999999680e+00 -9.973810616980932631e-01
4.650000000000000355e+00 -9.980544387588794475e-01
4.660000000000000142e+00 -9.986280112074988891e-01
4.669999999999999929e+00 -9.991017216871848072e-01
4.679999999999999716e+00 -9.994755228272840242e-01
4.690000000000000391e+00 -9.997493772479939533e-01
4.700000000000000178e+00 -9.999232575641008314e-01
4.709999999999999964e+00 -9.999971463877179723e-01
4.719999999999999751e+00 -9.999710363300244875e-01
4.730000000000000426e+00 -9.998449300020043617e-01
4.740000000000000213e+00 -9.996188400141854391e-01
4.750000000000000000e+00 -9.992927889753779880e-01
4.759999999999999787e+00 -9.988668094904141759e-01
4.770000000000000462e+00 -9.983409441568875664e-01
4.780000000000000249e+00 -9.977152455608933046e-01
4.790000000000000036e+00 -9.969897762717695455e-01
4.799999999999999822e+00 -9.961646088358406814e-01
4.810000000000000497e+00 -9.952398257691625894e-01
4.820000000000000284e+00 -9.942155195492713426e-01
4.830000000000000071e+00 -9.930917926059353862e-01
4.839999999999999858e+00 -9.918687573109126188e-01
4.850000000000000533e+00 -9.905465359667131597e-01
4.860000000000000320e+00 -9.891252607943697983e-01
4.870000000000000107e+00 -9.876050739202153483e-01
4.879999999999999893e+00 -9.859861273616703503e-01
4.889999999999999680e+00 -9.842685830120415647e-01
4.900000000000000355e+00 -9.824526126243324775e-01
4.910000000000000142e+00 -9.805383977940689277e-01
4.919999999999999929e+00 -9.785261299411385227e-01
4.929999999999999716e+00 -9.764160102906497274e-01
4.940000000000000391e+00 -9.742082498528090717e-01
4.950000000000000178e+00 -9.719030694018208072e-01
4.959999999999999964e+00 -9.695006994538087897e-01
4.969999999999999751e+00 -9.670013802437660289e-01
4.980000000000000426e+00 -9.644053617015304614e-01
4.990000000000000213e+00 -9.617129034267933863e-01
5.000000000000000000e+00 -9.589242746631384540e-01
5.009999999999999787e+00 -9.560397542711180918e-01
5.020000000000000462e+00 -9.530596307003674772e-01
5.030000000000000249e+00 -9.499842019607608323e-01
5.040000000000000036e+00 -9.468137755926089305e-01
5.049999999999999822e+00 -9.435486686359065844e-01
5.060000000000000497e+00 -9.401892075986283404e-01
5.070000000000000284e+00 -9.367357284240789284e-01
5.080000000000000071e+00 -9.331885764572975805e-01
5.089999999999999858e+00 -9.295481064105250990e-01
5.100000000000000533e+00 -9.258146823277321191e-01
5.110000000000000320e+00 -9.219886775482163399e-01
5.120000000000000107e+00 -9.180704746692669449e-01
5.129999999999999893e+00 -9.140604655079069829e-01
5.139999999999999680e+00 -9.099590510617105998e-01
5.150000000000000355e+00 -9.057666414687044476e-01
5.160000000000000142e+00 -9.014836559663548243e-01
5.169999999999999929e+00 -8.971105228496424333e-01
5.179999999999999716e+00 -8.926476794282346416e-01
5.190000000000000391e+00 -8.880955719827542394e-01
5.200000000000000178e+00 -8.834546557201531369e-01
5.209999999999999964e+00 -8.787253947281898903e-01
5.219999999999999751e+00 -8.739082619290223786e-01
5.230000000000000426e+00 -8.690037390319160782e-01
5.240000000000000213e+00 -8.640123164850743720e-01
5.250000000000000000e+00 -8.589344934265920051e-01
5.259999999999999787e+00 -8.537707776345433430e-01
5.270000000000000462e+00 -8.485216854762041017e-01
5.280000000000000249e+00 -8.431877418564166504e-01
5.290000000000000036e+00 -8.377694801650977796e-01
5.299999999999999822e+00 -8.322674422239012548e-01
5.310000000000000497e+00 -8.266821782320357137e-01
5.320000000000000284e+00 -8.210142467112470088e-01
5.330000000000000071e+00 -8.152642144499634425e-01
5.339999999999999858e+00 -8.094326564466194363e-01
5.350000000000000533e+00 -8.035201558521553045e-01
5.360000000000000320e+00 -7.975273039117043439e-01
5.370000000000000107e+00 -7.914546999054660192e-01
5.379999999999999893e+00 -7.853029510887805653e-01
5.389999999999999680e+00 -7.790726726314031181e-01
5.400000000000000355e+00 -7.727644875559871451e-01
5.410000000000000142e+00 -7.663790266757842806e-01
5.419999999999999929e+00 -7.599169285315610090e-01
5.429999999999999716e+00 -7.533788393277465190e-01
5.440000000000000391e+00 -7.467654128678122838e-01
5.450000000000000178e+00 -7.400773104888943577e-01
5.459999999999999964e+00 -7.333152009956565021e-01
5.469999999999999751e+00 -7.264797605934130154e-01
5.480000000000000426e+00 -7.195716728205074908e-01
5.490000000000000213e+00 -7.125916284799614919e-01
5.500000000000000000e+00 -7.055403255703919241e-01
5.509999999999999787e+00 -6.984184692162135333e-01
5.520000000000000462e+00 -6.912267715971264215e-01
5.530000000000000249e+00 -6.839659518769005686e-01
5.540000000000000036e+00 -6.766367361314568063e-01
5.549999999999999822e+00 -6.692398572762620068e-01
5.560000000000000497e+00 -6.617760549930369329e-01
5.570000000000000284e+00 -6.542460756557914037e-01
5.580000000000000071e+00 -6.466506722561834453e-01
5.589999999999999858e+00 -6.389906043282237436e-01
5.600000000000000533e+00 -6.312666378723208460e-01
5.610000000000000320e+00 -6.234795452786853209e-01
5.620000000000000107e+00 -6.156301052500863236e-01
5.629999999999999893e+00 -6.077191027239857712e-01
5.639999999999999680e+00 -5.997473287940437991e-01
5.650000000000000355e+00 -5.917155806310093746e-01
5.660000000000000142e+00 -5.836246614030072832e-01
5.669999999999999929e+00 -5.754753801952171566e-01
5.679999999999999716e+00 -5.672685519289686340e-01
5.690000000000000391e+00 -5.590049972802487721e-01
5.700000000000000178e+00 -5.506855425976375784e-01
5.709999999999999964e+00 -5.423110198196697818e-01
5.719999999999999751e+00 -5.338822663916442668e-01
5.730000000000000426e+00 -5.254001251818791740e-01
5.740000000000000213e+00 -5.168654443974287638e-01
5.750000000000000000e+00 -5.082790774992582694e-01
5.759999999999999787e+00 -4.996418831169024410e-01
5.770000000000000462e+00 -4.909547249626009524e-01
5.780000000000000249e+00 -4.822184717449315428e-01
5.790000000000000036e+00 -4.734339970819350651e-01
5.799999999999999822e+00 -4.646021794137573657e-01
5.810000000000000497e+00 -4.557239019148047188e-01
5.820000000000000284e+00 -4.468000524054300260e-01
5.830000000000000071e+00 -4.378315232631468934e-01
5.839999999999999858e+00 -4.288192113333958999e-01
5.850000000000000533e+00 -4.197640178398588939e-01
5.860000000000000320e+00 -4.106668482943408582e-01
5.870000000000000107e+00 -4.015286124062146245e-01
5.879999999999999893e+00 -3.923502239914538614e-01
5.889999999999999680e+00 -3.831326008812513395e-01
5.900000000000000355e+00 -3.738766648302360163e-01
5.910000000000000142e+00 -3.645833414243013215e-01
5.919999999999999929e+00 -3.552535599880426442e-01
5.929999999999999716e+00 -3.458882534918288343e-01
5.940000000000000391e+00 -3.364883584585042220e-01
5.950000000000000178e+00 -3.270548148697406399e-01
5.959999999999999964e+00 -3.175885660720348391e-01
5.969999999999999751e+00 -3.080905586823781128e-01
5.980000000000000426e+00 -2.985617424935935738e-01
5.990000000000000213e+00 -2.890030703793611266e-01
6.000000000000000000e+00 -2.794154981989258602e-01
6.009999999999999787e+00 -2.697999847015161712e-01
6.020000000000000462e+00 -2.601574914304680686e-01
6.030000000000000249e+00 -2.504889826270749187e-01
6.040000000000000036e+00 -2.407954251341591911e-01
6.049999999999999822e+00 -2.310777882993922394e-01
6.060000000000000497e+00 -2.213370438783586747e-01
6.070000000000000284e+00 -2.115741659373850392e-01
6.080000000000000071e+00 -2.017901307561288937e-01
6.089999999999999858e+00 -1.919859167299550196e-01
6.100000000000000533e+00 -1.821625042720950161e-01
6.110000000000000320e+00 -1.723208757156102500e-01
6.120000000000000107e+00 -1.624620152151541874e-01
6.129999999999999893e+00 -1.525869086485611426e-01
6.140000000000000568e+00 -1.426965435182577235e-01
6.150000000000000355e+00 -1.327919088525167379e-01
6.160000000000000142e+00 -1.228739951065500463e-01
6.169999999999999929e+00 -1.129437940634673704e-01
6.179999999999999716e+00 -1.030022987350978497e-01
6.190000000000000391e+00 -9.305050326268890504e-02
6.200000000000000178e+00 -8.308940281749639667e-02
6.209999999999999964e+00 -7.311999350126308084e-02
6.219999999999999751e+00 -6.314327224661277216e-02
6.230000000000000426e+00 -5.316023671735612549e-02
6.240000000000000213e+00 -4.317188520872868029e-02
6.250000000000000000e+00 -3.317921654755681682e-02
6.259999999999999787e+00 -2.318322999237944909e-02
6.270000000000000462e+00 -1.318492513352125146e-02
6.280000000000000249e+00 -3.185301793137990372e-03
6.290000000000000036e+00 6.814640074770175575e-03
6.299999999999999822e+00 1.681390048434971279e-02
6.310000000000000497e+00 2.681147951789323788e-02
6.320000000000000284e+00 3.680637742582691663e-02
6.330000000000000071e+00 4.679759472668988673e-02
6.339999999999999858e+00 5.678413230707805154e-02
6.350000000000000533e+00 6.676499152155634942e-02
6.360000000000000320e+00 7.673917429251891908e-02
6.370000000000000107e+00 8.670568321000132750e-02
6.379999999999999893e+00 9.666352163141724019e-02
6.390000000000000568e+00 1.066116937812235516e-01
6.400000000000000355e+00 1.165492048504936373e-01
6.410000000000000142e+00 1.264750610964026911e-01
6.419999999999999929e+00 1.363882699415976396e-01
6.429999999999999716e+00 1.462878400734549389e-01
6.440000000000000391e+00 1.561727815432119026e-01
6.450000000000000178e+00 1.660421058649572124e-01
6.459999999999999964e+00 1.758948261144840097e-01
6.469999999999999751e+00 1.857299570279778711e-01
6.480000000000000426e+00 1.955465151005442437e-01
6.490000000000000213e+00 2.053435186845546101e-01
6.500000000000000000e+00 2.151199880878155168e-01
6.509999999999999787e+00 2.248749456715337103e-01
6.520000000000000462e+00 2.346074159480807941e-01
6.530000000000000249e+00 2.443164256785377297e-01
6.540000000000000036e+00 2.540010039700231204e-01
6.549999999999999822e+00 2.636601823727783844e-01
6.560000000000000497e+00 2.732929949770132594e-01
6.570000000000000284e+00 2.828984785094929566e-01
6.580000000000000071e+00 2.924756724298697153e-01
6.589999999999999858e+00 3.020236190267323595e-01
6.600000000000000533e+00 3.115413635133786885e-01
6.610000000000000320e+00 3.210279541232897715e-01
6.620000000000000107e+00 3.304824422053109223e-01
6.629999999999999893e+00 3.399038823185127067e-01
6.640000000000000568e+00 3.492913323267357040e-01
6.650000000000000355e+00 3.586438534928003685e-01
6.660000000000000142e+00 3.679605105723846581e-01
6.669999999999999929e+00 3.772403719075443917e-01
6.679999999999999716e+00 3.864825095198793359e-01
6.690000000000000391e+00 3.956859992033308071e-01
6.700000000000000178e+00 4.048499206165983022e-01
6.709999999999999964e+00 4.139733573751779860e-01
6.719999999999999751e+00 4.230553971429968363e-01
6.730000000000000426e+00 4.320951317236471634e-01
6.740000000000000213e+00 4.410916571512023543e-01
6.750000000000000000e+00 4.500440737806176150e-01
6.759999999999999787e+00 4.589514863776902875e-01
6.770000000000000462e+00 4.678130042085842932e-01
6.780000000000000249e+00 4.766277411288994958e-01
6.790000000000000036e+00 4.853948156722902585e-01
6.799999999999999822e+00 4.941133511386081589e-01
6.810000000000000497e+00 5.027824756815727492e-01
6.820000000000000284e+00 5.114013223959523735e-01
6.830000000000000071e+00 5.199690294042587091e-01
6.839999999999999858e+00 5.284847399429307702e-01
6.850000000000000533e+00 5.369476024480117626e-01
6.860000000000000320e+00 5.453567706403019688e-01
6.870000000000000107e+00 5.537114036099907155e-01
6.879999999999999893e+00 5.620106659007430006e-01
6.890000000000000568e+00 5.702537275932466621e-01
6.900000000000000355e+00 5.784397643882001061e-01
6.910000000000000142e+00 5.865679576887463664e-01
6.919999999999999929e+00 5.946374946823286267e-01
6.929999999999999716e+00 6.026475684219723128e-01
6.940000000000000391e+00 6.105973779069790996e-01
6.950000000000000178e+00 6.184861281630239516e-01
6.959999999999999964e+00 6.263130303216558614e-01
6.969999999999999751e+00 6.340773016991814170e-01
6.980000000000000426e+00 6.417781658749337481e-01
6.990000000000000213e+00 6.494148527689111994e-01
7.000000000000000000e+00 6.569865987187890610e-01
7.009999999999999787e+00 6.644926465562820406e-01
7.020000000000000462e+00 6.719322456828621393e-01
7.030000000000000249e+00 6.793046521448148356e-01
7.040000000000000036e+00 6.866091287076384608e-01
7.049999999999999822e+00 6.938449449297636740e-01
7.060000000000000497e+00 7.010113772355986983e-01
7.070000000000000284e+00 7.081077089878837771e-01
7.080000000000000071e+00 7.151332305593578464e-01
7.089999999999999858e+00 7.220872394037184394e-01
7.100000000000000533e+00 7.289690401258764885e-01
7.110000000000000320e+00 7.357779445514935901e-01
7.120000000000000107e+00 7.425132717958017325e-01
7.129999999999999893e+00 7.491743483316893881e-01
7.140000000000000568e+00 7.557605080570543032e-01
7.150000000000000355e+00 7.622710923614112177e-01
7.160000000000000142e+00 7.687054501917558458e-01
7.169999999999999929e+00 7.750629381176670218e-01
7.179999999999999716e+00 7.813429203956500091e-01
7.190000000000000391e+00 7.875447690327108674e-01
7.200000000000000178e+00 7.936678638491531101e-01
7.209999999999999964e+00 7.997115925405982040e-01
7.219999999999999751e+00 8.056753507392132585e-01
7.230000000000000426e+00 8.115585420741487921e-01
7.240000000000000213e+00 8.173605782311729184e-01
7.250000000000000000e+00 8.230808790115055062e-01
7.259999999999999787e+00 8.287188723898353260e-01
7.270000000000000462e+00 8.342739945715235139e-01
7.280000000000000249e+00 8.397456900489799203e-01
7.290000000000000036e+00 8.451334116572173372e-01
7.299999999999999822e+00 8.504366206285643992e-01
7.310000000000000497e+00 8.556547866465439300e-01
7.320000000000000284e+00 8.607873878989017458e-01
7.330000000000000071e+00 8.658339111297899127e-01
7.339999999999999858e+00 8.707938516910911364e-01
7.350000000000000533e+00 8.756667135928826173e-01
7.360000000000000320e+00 8.804520095530343760e-01
7.370000000000000107e+00 8.851492610459382737e-01
7.379999999999999893e+00 8.897579983503596246e-01
7.390000000000000568e+00 8.942777605964088439e-01
7.400000000000000355e+00 8.987080958116269169e-01
7.410000000000000142e+00 9.030485609661847990e-01
7.419999999999999929e+00 9.072987220171839784e-01
7.429999999999999716e+00 9.114581539520613118e-01
7.440000000000000391e+00 9.155264408310895830e-01
7.450000000000000178e+00 9.195031758289706758e-01
7.459999999999999964e+00 9.233879612755189203e-01
7.469999999999999751e+00 9.271804086954269497e-01
7.480000000000000426e+00 9.308801388471136251e-01
7.490000000000000213e+00 9.344867817606460347e-01
7.500000000000000000e+00 9.379999767747388972e-01
7.509999999999999787e+00 9.414193725728182693e-01
7.520000000000000462e+00 9.447446272181541094e-01
7.530000000000000249e+00 9.479754081880524819e-01
7.540000000000000036e+00 9.511113924071089576e-01
7.549999999999999822e+00 9.541522662795147713e-01
7.560000000000000497e+00 9.570977257204172917e-01
7.570000000000000284e+00 9.599474761863261429e-01
7.580000000000000071e+00 9.627012327045700868e-01
7.589999999999999858e+00 9.653587199017917841e-01
7.600000000000000533e+00 9.679196720314865443e-01
7.610000000000000320e+00 9.703838330005749579e-01
7.620000000000000107e+00 9.727509563950137439e-01
7.629999999999999893e+00 9.750208055044362609e-01
7.640000000000000568e+00 9.771931533458230179e-01
7.650000000000000355e+00 9.792677826861999613e-01
7.660000000000000142e+00 9.812444860643620981e-01
7.669999999999999929e+00 9.831230658116187904e-01
7.679999999999999716e+00 9.849033340715608320e-01
7.690000000000000391e+00 9.865851128188458663e-01
7.700000000000000178e+00 9.881682338770003682e-01
7.709999999999999964e+00 9.896525389352379687e-01
7.719999999999999751e+00 9.910378795642897920e-01
7.730000000000000426e+00 9.923241172312474712e-01
7.740000000000000213e+00 9.935111233134158448e-01
7.750000000000000000e+00 9.945987791111761123e-01
7.759999999999999787e+00 9.955869758598547836e-01
7.770000000000000462e+00 9.964756147406006459e-01
7.780000000000000249e+00 9.972646068902658589e-01
7.790000000000000036e+00 9.979538734102931796e-01
7.799999999999999822e+00 9.985433453746049848e-01
7.810000000000000497e+00 9.990329638364959797e-01
7.820000000000000284e+00 9.994226798345279272e-01
7.830000000000000071e+00 9.997124543974259536e-01
7.839999999999999858e+00 9.999022585479752090e-01
7.850000000000000533e+00 9.999920733059187716e-01
7.860000000000000320e+00 9.999818896898555742e-01
7.870000000000000107e+00 9.998717087181390184e-01
7.879999999999999893e+00 9.996615414087741680e-01
7.890000000000000568e+00 9.993514087783169630e-01
7.900000000000000355e+00 9.989413418397720124e-01
7.910000000000000142e+00 9.984313815994914076e-01
7.919999999999999929e+00 9.978215790530743368e-01
7.930000000000000604e+00 9.971119951802670522e-01
7.940000000000000391e+00 9.963027009388656374e-01
7.950000000000000178e+00 9.953937772576199050e-01
7.959999999999999964e+00 9.943853150281404263e-01
7.969999999999999751e+00 9.932774150958098014e-01
7.980000000000000426e+00 9.920701882496979485e-01
7.990000000000000213e+00 9.907637552114835211e-01
8.000000000000000000e+00 9.893582466233817874e-01
8.009999999999999787e+00 9.878538030350800803e-01
8.019999999999999574e+00 9.862505748896837066e-01
8.029999999999999361e+00 9.845487225086710925e-01
8.040000000000000924e+00 9.827484160758618303e-01
8.050000000000000711e+00 9.808498356203995128e-01
8.060000000000000497e+00 9.788531709987473572e-01
8.070000000000000284e+00 9.767586218757036143e-01
8.080000000000000071e+00 9.745663977044349835e-01
8.089999999999999858e+00 9.722767177055320342e-01
8.099999999999999645e+00 9.698898108450862976e-01
8.109999999999999432e+00 9.674059158117949142e-01
8.120000000000000995e+00 9.648252809930908391e-01
8.130000000000000782e+00 9.621481644503062647e-01
8.140000000000000568e+00 9.593748338928641539e-01
8.150000000000000355e+00 9.565055666515090982e-01
8.160000000000000142e+00 9.535406496505742791e-01
8.169999999999999929e+00 9.504803793792888644e-01
8.179999999999999716e+00 9.473250618621299468e-01
8.189999999999999503e+00 9.440750126282196897e-01
8.199999999999999289e+00 9.407305566797731222e-01
8.210000000000000853e+00 9.372920284595975815e-01
8.220000000000000639e+00 9.337597718176506856e-01
8.230000000000000426e+00 9.301341399766526186e-01
8.240000000000000213e+00 9.264154954967661615e-01
8.250000000000000000e+00 9.226042102393402500e-01
8.259999999999999787e+00 9.187006653297247194e-01
8.269999999999999574e+00 9.147052511191575697e-01
8.279999999999999361e+00 9.106183671457304118e-01
8.290000000000000924e+00 9.064404220944339841e-01
8.300000000000000711e+00 9.021718337562932843e-01
8.310000000000000497e+00 8.978130289865844382e-01
8.320000000000000284e+00 8.933644436621519525e-01
8.330000000000000071e+00 8.888265226378210260e-01
8.339999999999999858e+00 8.841997197019126897e-01
8.349999999999999645e+00 8.794844975308648838e-01
8.359999999999999432e+00 8.746813276429652451e-01
8.370000000000000995e+00 8.697906903511990473e-01
8.380000000000000782e+00 8.648130747152218412e-01
8.390000000000000568e+00 8.597489784924482459e-01
8.400000000000000355e+00 8.545989080882805400e-01
8.410000000000000142e+00 8.493633785054672813e-01
8.419999999999999929e+00 8.440429132926040579e-01
8.429999999999999716e+00 8.386380444917782562e-01
8.439999999999999503e+00 8.331493125853659532e-01
8.449999999999999289e+00 8.275772664419840385e-01
8.460000000000000853e+00 8.219224632616022319e-01
8.470000000000000639e+00 8.161854685198283166e-01
8.480000000000000426e+00 8.103668559113548220e-01
8.490000000000000213e+00 8.044672072925936890e-01
8.500000000000000000e+00 7.984871126234902583e-01
8.509999999999999787e+00 7.924271699085283505e-01
8.519999999999999574e+00 7.862879851369292128e-01
8.529999999999999361e+00 7.800701722220543255e-01
8.540000000000000924e+00 7.737743529400122888e-01
8.550000000000000711e+00 7.674011568674872219e-01
8.560000000000000497e+00 7.609512213187743512e-01
8.570000000000000284e+00 7.544251912820534312e-01
8.580000000000000071e+00 7.478237193548897821e-01
8.589999999999999858e+00 7.411474656789751592e-01
8.599999999999999645e+00 7.343970978741133360e-01
8.609999999999999432e+00 7.275732909714597296e-01
8.620000000000000995e+00 7.206767273460168433e-01
8.630000000000000782e+00 7.137080966484024014e-01
8.640000000000000568e+00 7.066680957358779658e-01
8.650000000000000355e+00 6.995574286026680078e-01
8.660000000000000142e+00 6.923768063095604441e-01
8.669999999999999929e+00 6.851269469128006273e-01
8.679999999999999716e+00 6.778085753922866719e-01
8.689999999999999503e+00 6.704224235790722242e-01
8.700000000000001066e+00 6.629692300821820039e-01
8.710000000000000853e+00 6.554497402147573260e-01
8.720000000000000639e+00 6.478647059195175029e-01
8.730000000000000426e+00 6.402148856935712118e-01
8.740000000000000213e+00 6.325010445125662795e-01
8.750000000000000000e+00 6.247239537541924292e-01
8.759999999999999787e+00 6.168843911210447617e-01
8.769999999999999574e+00 6.089831405628535199e-01
8.779999999999999361e+00 6.010209921980903536e-01
8.790000000000000924e+00 5.929987422349550785e-01
8.800000000000000711e+00 5.849171928917616947e-01
8.810000000000000497e+00 5.767771523167084524e-01
8.820000000000000284e+00 5.685794345070696032e-01
8.830000000000000071e+00 5.603248592277947360e-01
8.839999999999999858e+00 5.520142519295329064e-01
8.849999999999999645e+00 5.436484436660883324e-01
8.859999999999999432e+00 5.352282710113162034e-01
8.870000000000000995e+00 5.267545759754633794e-01
8.880000000000000782e+00 5.182282059209751823e-01
8.890000000000000568e+00 5.096500134777504076e-01
8.900000000000000355e+00 5.010208564578846335e-01
8.910000000000000142e+00 4.923415977698891721e-01
8.919999999999999929e+00 4.836131053323999840e-01
8.929999999999999716e+00 4.748362519873871590e-01
8.939999999999999503e+00 4.660119154128711250e-01
8.950000000000001066e+00 4.571409780351542440e-01
8.960000000000000853e+00 4.482243269405848940e-01
8.970000000000000639e+00 4.392628537868406013e-01
8.980000000000000426e+00 4.302574547137686944e-01
8.990000000000000213e+00 4.212090302537721542e-01
9.000000000000000000e+00 4.121184852417565936e-01
9.009999999999999787e+00 4.029867287246477470e-01
9.019999999999999574e+00 3.938146738704876304e-01
9.029999999999999361e+00 3.846032378771182536e-01
9.040000000000000924e+00 3.753533418804610999e-01
9.050000000000000711e+00 3.660659108624110258e-01
9.060000000000000497e+00 3.567418735583285927e-01
9.070000000000000284e+00 3.473821623641742407e-01
9.080000000000000071e+00 3.379877132432675957e-01
9.089999999999999858e+00 3.285594656326921714e-01
9.099999999999999645e+00 3.190983623493521271e-01
9.109999999999999432e+00 3.096053494956915175e-01
9.120000000000000995e+00 3.000813763650832522e-01
9.130000000000000782e+00 2.905273953469071913e-01
9.140000000000000568e+00 2.809443618313017810e-01
9.150000000000000355e+00 2.713332341136327486e-01
9.160000000000000142e+00 2.616949732986625921e-01
9.169999999999999929e+00 2.520305432044410154e-01
9.179999999999999716e+00 2.423409102659237757e-01
9.189999999999999503e+00 2.326270434383300167e-01
9.200000000000001066e+00 2.228899141002459172e-01
9.210000000000000853e+00 2.131304959564944979e-01
9.220000000000000639e+00 2.033497649407555730e-01
9.230000000000000426e+00 1.935486991179801719e-01
9.240000000000000213e+00 1.837282785865829993e-01
9.250000000000000000e+00 1.738894853804335561e-01
9.259999999999999787e+00 1.640333033706534993e-01
9.269999999999999574e+00 1.541607181672303151e-01
9.279999999999999361e+00 1.442727170204572695e-01
9.290000000000000924e+00 1.343702887222072984e-01
9.300000000000000711e+00 1.244544235070617066e-01
9.310000000000000497e+00 1.145261129532770816e-01
9.320000000000000284e+00 1.045863498836352573e-01
9.330000000000000071e+00 9.463612826616005225e-02
9.339999999999999858e+00 8.467644311472141694e-02
9.349999999999999645e+00 7.470829038953477608e-02
9.359999999999999432e+00 6.473266689756589087e-02
9.370000000000000995e+00 5.475057019284917947e-02
9.380000000000000782e+00 4.476299847674027749e-02
9.390000000000000568e+00 3.477095049808608118e-02
9.400000000000000355e+00 2.477542545335776475e-02
9.410000000000000142e+00 1.477742288673023624e-02
9.419999999999999929e+00 4.777942590128511462e-03
9.429999999999999716e+00 -5.222015496750620663e-03
9.439999999999999503e+00 -1.522145138643174293e-02
9.450000000000001066e+00 -2.521936514366049722e-02
9.460000000000000853e+00 -3.521475698538917981e-02
9.470000000000000639e+00 -4.520662738076485637e-02
9.480000000000000426e+00 -5.519397715107451224e-02
9.490000000000000213e+00 -6.517580756966390165e-02
9.500000000000000000e+00 -7.515112046180930094e-02
9.509999999999999787e+00 -8.511891830453426067e-02
9.519999999999999574e+00 -9.507820432636095165e-02
9.529999999999999361e+00 -1.050279826069865918e-01
9.540000000000000924e+00 -1.149672581768763080e-01
9.550000000000000711e+00 -1.248950371167523166e-01
9.560000000000000497e+00 -1.348103266569954939e-01
9.570000000000000284e+00 -1.447121352769145386e-01
9.580000000000000071e+00 -1.545994728038989352e-01
9.589999999999999858e+00 -1.644713505124354158e-01
9.599999999999999645e+00 -1.743267812229796487e-01
9.609999999999999432e+00 -1.841647794006734118e-01
9.620000000000000995e+00 -1.939843612538989792e-01
9.630000000000000782e+00 -2.037845448326505160e-01
9.640000000000000568e+00 -2.135643501267386890e-01
9.650000000000000355e+00 -2.233227991637838916e-01
9.660000000000000142e+00 -2.330589161070144022e-01
9.669999999999999929e+00 -2.427717273528493536e-01
9.679999999999999716e+00 -2.524602616282580758e-01
9.689999999999999503e+00 -2.621235500878869029e-01
9.700000000000001066e+00 -2.717606264109441727e-01
9.710000000000000853e+00 -2.813705268978250462e-01
9.720000000000000639e+00 -2.909522905664908010e-01
9.730000000000000426e+00 -3.005049592485593557e-01
9.740000000000000213e+00 -3.100275776851230125e-01
9.750000000000000000e+00 -3.195191936222736562e-01
9.759999999999999787e+00 -3.289788579063271379e-01
9.769999999999999574e+00 -3.384056245787381290e-01
9.779999999999999361e+00 -3.477985509706950085e-01
9.790000000000000924e+00 -3.571566977973876233e-01
9.800000000000000711e+00 -3.664791292519283816e-01
9.810000000000000497e+00 -3.757649130989422770e-01
9.820000000000000284e+00 -3.850131207677826572e-01
9.830000000000000071e+00 -3.942228274453894454e-01
9.839999999999999858e+00 -4.033931121687696075e-01
9.849999999999999645e+00 -4.125230579170927059e-01
9.859999999999999432e+00 -4.216117517033921569e-01
9.870000000000000995e+00 -4.306582846658648656e-01
9.880000000000000782e+00 -4.396617521587500299e-01
9.890000000000000568e+00 -4.486212538428029362e-01
9.900000000000000355e+00 -4.575358937753213340e-01
9.910000000000000142e+00 -4.664047804997408786e-01
9.919999999999999929e+00 -4.752270271347798225e-01
9.929999999999999716e+00 -4.840017514631264062e-01
9.939999999999999503e+00 -4.927280760196602327e-01
9.950000000000001066e+00 -5.014051281791989112e-01
9.960000000000000853e+00 -5.100320402437543699e-01
9.970000000000000639e+00 -5.186079495293107744e-01
9.980000000000000426e+00 -5.271319984520860258e-01
9.990000000000000213e+00 -5.356033346142913265e-01
1.000000000000000000e+01 -5.440211108893697745e-01
1.000999999999999979e+01 -5.523844855067088222e-01
1.001999999999999957e+01 -5.606926221358159435e-01
1.002999999999999936e+01 -5.689446899699518445e-01
1.004000000000000092e+01 -5.771398638092111177e-01
1.005000000000000071e+01 -5.852773241430363482e-01
1.006000000000000050e+01 -5.933562572321767759e-01
1.007000000000000028e+01 -6.013758551900558746e-01
1.008000000000000007e+01 -6.093353160635608390e-01
1.008999999999999986e+01 -6.172338439132372123e-01
1.009999999999999964e+01 -6.250706488928821081e-01
1.010999999999999943e+01 -6.328449473285281401e-01
1.012000000000000099e+01 -6.405559617968117347e-01
1.013000000000000078e+01 -6.482029212027090592e-01
1.014000000000000057e+01 -6.557850608566535566e-01
1.015000000000000036e+01 -6.633016225509980046e-01
1.016000000000000014e+01 -6.707518546358368638e-01
1.016999999999999993e+01 -6.781350120941702642e-01
1.017999999999999972e+01 -6.854503566164047434e-01
1.018999999999999950e+01 -6.926971566741844111e-01
1.020000000000000107e+01 -6.998746875935436540e-01
1.021000000000000085e+01 -7.069822316273691731e-01
1.022000000000000064e+01 -7.140190780271817861e-01
1.023000000000000043e+01 -7.209845231142056887e-01
1.024000000000000021e+01 -7.278778703497366109e-01
1.025000000000000000e+01 -7.346984304047954328e-01
1.025999999999999979e+01 -7.414455212290603781e-01
1.026999999999999957e+01 -7.481184681190716779e-01
1.027999999999999936e+01 -7.547166037857010457e-01
1.029000000000000092e+01 -7.612392684208814098e-01
1.030000000000000071e+01 -7.676858097635824718e-01
1.031000000000000050e+01 -7.740555831650431928e-01
1.032000000000000028e+01 -7.803479516532315641e-01
1.033000000000000007e+01 -7.865622859965424318e-01
1.033999999999999986e+01 -7.926979647667200535e-01
1.034999999999999964e+01 -7.987543744010003888e-01
1.035999999999999943e+01 -8.047309092634671313e-01
1.037000000000000099e+01 -8.106269717056153734e-01
1.038000000000000078e+01 -8.164419721261122476e-01
1.039000000000000057e+01 -8.221753290297625361e-01
1.040000000000000036e+01 -8.278264690856537156e-01
1.041000000000000014e+01 -8.333948271844893174e-01
1.041999999999999993e+01 -8.388798464950999456e-01
1.042999999999999972e+01 -8.442809785201252915e-01
1.043999999999999950e+01 -8.495976831508637028e-01
1.045000000000000107e+01 -8.548294287212837572e-01
1.046000000000000085e+01 -8.599756920611860700e-01
1.047000000000000064e+01 -8.650359585485264402e-01
1.048000000000000043e+01 -8.700097221608728004e-01
1.049000000000000021e+01 -8.748964855260087381e-01
1.050000000000000000e+01 -8.796957599716700438e-01
1.050999999999999979e+01 -8.844070655744116216e-01
1.051999999999999957e+01 -8.890299312075992111e-01
1.052999999999999936e+01 -8.935638945885217010e-01
1.054000000000000092e+01 -8.980085023246203724e-01
1.055000000000000071e+01 -9.023633099588236339e-01
1.056000000000000050e+01 -9.066278820139979100e-01
1.057000000000000028e+01 -9.108017920364915865e-01
1.058000000000000007e+01 -9.148846226387805647e-01
1.058999999999999986e+01 -9.188759655412068739e-01
1.059999999999999964e+01 -9.227754216128066789e-01
1.060999999999999943e+01 -9.265826009112220207e-01
1.062000000000000099e+01 -9.302971227216965122e-01
1.063000000000000078e+01 -9.339186155951432200e-01
1.064000000000000057e+01 -9.374467173852932822e-01
1.065000000000000036e+01 -9.408810752849078307e-01
1.066000000000000014e+01 -9.442213458610588805e-01
1.066999999999999993e+01 -9.474671950894723027e-01
1.067999999999999972e+01 -9.506182983879301052e-01
1.068999999999999950e+01 -9.536743406487284691e-01
1.070000000000000107e+01 -9.566350162701884319e-01
1.071000000000000085e+01 -9.595000291872139986e-01
1.072000000000000064e+01 -9.622690929009015681e-01
1.073000000000000043e+01 -9.649419305071872399e-01
1.074000000000000021e+01 -9.675182747245378856e-01
1.075000000000000000e+01 -9.699978679206785470e-01
1.075999999999999979e+01 -9.723804621383559388e-01
1.076999999999999957e+01 -9.746658191201339472e-01
1.077999999999999936e+01 -9.768537103322187942e-01
1.079000000000000092e+01 -9.789439169873127566e-01
1.080000000000000071e+01 -9.809362300664915546e-01
1.081000000000000050e+01 -9.828304503401077419e-01
1.082000000000000028e+01 -9.846263883877126588e-01
1.083000000000000007e+01 -9.863238646169980584e-01
1.083999999999999986e+01 -9.879227092817555178e-01
1.084999999999999964e+01 -9.894227624988510827e-01
1.085999999999999943e+01 -9.908238742642129226e-01
1.087000000000000099e+01 -9.921259044678323313e-01
1.088000000000000078e+01 -9.933287229077736313e-01
1.089000000000000057e+01 -9.944322093031953136e-01
1.090000000000000036e+01 -9.954362533063774165e-01
1.091000000000000014e+01 -9.963407545137563659e-01
1.091999999999999993e+01 -9.971456224759650544e-01
1.092999999999999972e+01 -9.978507767068781620e-01
1.093999999999999950e+01 -9.984561466916600514e-01
1.095000000000000107e+01 -9.989616718938169049e-01
1.096000000000000085e+01 -9.993673017612495491e-01
1.097000000000000064e+01 -9.996729957313094106e-01
1.098000000000000043e+01 -9.998787232348541609e-01
1.099000000000000021e+01 -9.999844636993049374e-01
1.100000000000000000e+01 -9.999902065507034754e-01
1.100999999999999979e+01 -9.998959512147692630e-01
1.101999999999999957e+01 -9.997017071169573832e-01
1.102999999999999936e+01 -9.994074936815159349e-01
1.104000000000000092e+01 -9.990133403295429204e-01
1.105000000000000071e+01 -9.985192864760453757e-01
1.106000000000000050e+01 -9.979253815259969684e-01
1.107000000000000028e+01 -9.972316848693976166e-01
1.108000000000000007e+01 -9.964382658753349054e-01
1.108999999999999986e+01 -9.955452038850471919e-01
1.109999999999999964e+01 -9.945525882039891741e-01
1.110999999999999943e+01 -9.934605180929019230e-01
1.112000000000000099e+01 -9.922691027578860457e-01
1.113000000000000078e+01 -9.909784613394827524e-01
1.114000000000000057e+01 -9.895887229007581665e-01
1.115000000000000036e+01 -9.881000264143980916e-01
1.116000000000000014e+01 -9.865125207488104619e-01
1.116999999999999993e+01 -9.848263646532390281e-01
1.117999999999999972e+01 -9.830417267418881666e-01
1.118999999999999950e+01 -9.811587854770618122e-01
1.120000000000000107e+01 -9.791777291513169557e-01
1.121000000000000085e+01 -9.770987558686361485e-01
1.122000000000000064e+01 -9.749220735246145741e-01
1.123000000000000043e+01 -9.726478997856730091e-01
1.124000000000000021e+01 -9.702764620672901241e-01
1.125000000000000000e+01 -9.678079975112614530e-01
1.125999999999999979e+01 -9.652427529619855839e-01
1.126999999999999957e+01 -9.625809849417799047e-01
1.127999999999999936e+01 -9.598229596252282336e-01
1.129000000000000092e+01 -9.569689528125632227e-01
1.130000000000000071e+01 -9.540192499020889727e-01
1.131000000000000050e+01 -9.509741458616378651e-01
1.132000000000000028e+01 -9.478339451990764886e-01
1.133000000000000007e+01 -9.445989619318542196e-01
1.133999999999999986e+01 -9.412695195556017858e-01
1.134999999999999964e+01 -9.378459510117825859e-01
1.135999999999999943e+01 -9.343285986543978794e-01
1.137000000000000099e+01 -9.307178142157516154e-01
1.138000000000000078e+01 -9.270139587712800111e-01
1.139000000000000057e+01 -9.232174027034404373e-01
1.140000000000000036e+01 -9.193285256646757109e-01
1.141000000000000014e+01 -9.153477165394490189e-01
1.141999999999999993e+01 -9.112753734053556931e-01
1.142999999999999972e+01 -9.071119034933153857e-01
1.143999999999999950e+01 -9.028577231468498665e-01
1.145000000000000107e+01 -8.985132577804478826e-01
1.146000000000000085e+01 -8.940789418370270747e-01
1.147000000000000064e+01 -8.895552187444858427e-01
1.148000000000000043e+01 -8.849425408713638141e-01
1.149000000000000021e+01 -8.802413694816042522e-01
1.150000000000000000e+01 -8.754521746884285083e-01
1.150999999999999979e+01 -8.705754354073250711e-01
1.151999999999999957e+01 -8.656116393081579874e-01
1.152999999999999936e+01 -8.605612827664006481e-01
1.154000000000000092e+01 -8.554248708134978285e-01
1.155000000000000071e+01 -8.502029170863663055e-01
1.156000000000000050e+01 -8.448959437760261704e-01
1.157000000000000028e+01 -8.395044815753859302e-01
1.158000000000000007e+01 -8.340290696261730696e-01
1.158999999999999986e+01 -8.284702554650194006e-01
1.159999999999999964e+01 -8.228285949687088596e-01
1.160999999999999943e+01 -8.171046522985896399e-01
1.162000000000000099e+01 -8.112989998441577644e-01
1.163000000000000078e+01 -8.054122181658227575e-01
1.164000000000000057e+01 -7.994448959368458674e-01
1.165000000000000036e+01 -7.933976298844770403e-01
1.166000000000000014e+01 -7.872710247302823205e-01
1.166999999999999993e+01 -7.810656931296715566e-01
1.167999999999999972e+01 -7.747822556106337410e-01
1.168999999999999950e+01 -7.684213405116846474e-01
1.170000000000000107e+01 -7.619835839190320925e-01
1.171000000000000085e+01 -7.554696296029731473e-01
1.172000000000000064e+01 -7.488801289535096384e-01
1.173000000000000043e+01 -7.422157409152155827e-01
1.174000000000000021e+01 -7.354771319213411207e-01
1.175000000000000000e+01 -7.286649758271700472e-01
1.175999999999999979e+01 -7.217799538426350470e-01
1.176999999999999957e+01 -7.148227544641970743e-01
1.177999999999999936e+01 -7.077940734059962047e-01
1.179000000000000092e+01 -7.006946135302800638e-01
1.180000000000000071e+01 -6.935250847771223803e-01
1.181000000000000050e+01 -6.862862040934225583e-01
1.182000000000000028e+01 -6.789786953612166887e-01
1.183000000000000007e+01 -6.716032893252883440e-01
1.183999999999999986e+01 -6.641607235200951420e-01
1.184999999999999964e+01 -6.566517421960152978e-01
1.185999999999999943e+01 -6.490770962449238235e-01
1.187000000000000099e+01 -6.414375431251021498e-01
1.188000000000000078e+01 -6.337338467854989332e-01
1.189000000000000057e+01 -6.259667775893269503e-01
1.190000000000000036e+01 -6.181371122370332705e-01
1.191000000000000014e+01 -6.102456336886284971e-01
1.191999999999999993e+01 -6.022931310853910647e-01
1.192999999999999972e+01 -5.942803996709544734e-01
1.193999999999999950e+01 -5.862082407117827909e-01
1.195000000000000107e+01 -5.780774614170436365e-01
1.196000000000000085e+01 -5.698888748578938568e-01
1.197000000000000064e+01 -5.616432998861642378e-01
1.198000000000000043e+01 -5.533415610524803352e-01
1.199000000000000021e+01 -5.449844885238077641e-01
1.200000000000000000e+01 -5.365729180004349397e-01
1.200999999999999979e+01 -5.281076906324047027e-01
1.201999999999999957e+01 -5.195896529353996041e-01
1.203000000000000114e+01 -5.110196567060892869e-01
1.204000000000000092e+01 -5.023985589369581728e-01
1.205000000000000071e+01 -4.937272217305974653e-01
1.206000000000000050e+01 -4.850065122135016615e-01
1.207000000000000028e+01 -4.762373024493552487e-01
1.208000000000000007e+01 -4.674204693518270171e-01
1.208999999999999986e+01 -4.585568945968793164e-01
1.209999999999999964e+01 -4.496474645346014709e-01
1.210999999999999943e+01 -4.406930701005751239e-01
1.212000000000000099e+01 -4.316946067267800613e-01
1.213000000000000078e+01 -4.226529742520582777e-01
1.214000000000000057e+01 -4.135690768321209076e-01
1.215000000000000036e+01 -4.044438228491401000e-01
1.216000000000000014e+01 -3.952781248209097376e-01
1.216999999999999993e+01 -3.860728993095946526e-01
1.217999999999999972e+01 -3.768290668300749990e-01
1.218999999999999950e+01 -3.675475517578954410e-01
1.220000000000000107e+01 -3.582292822368270402e-01
1.221000000000000085e+01 -3.488751900860600497e-01
1.222000000000000064e+01 -3.394862107070127921e-01
1.223000000000000043e+01 -3.300632829897990894e-01
1.224000000000000021e+01 -3.206073492193382002e-01
1.225000000000000000e+01 -3.111193549811273051e-01
1.225999999999999979e+01 -3.016002490666835900e-01
1.226999999999999957e+01 -2.920509833786658627e-01
1.228000000000000114e+01 -2.824725128356835868e-01
1.229000000000000092e+01 -2.728657952768124284e-01
1.230000000000000071e+01 -2.632317913658009378e-01
1.231000000000000050e+01 -2.535714644950120555e-01
1.232000000000000028e+01 -2.438857806890824542e-01
1.233000000000000007e+01 -2.341757085083214507e-01
1.233999999999999986e+01 -2.244422189518553712e-01
1.234999999999999964e+01 -2.146862853605286670e-01
1.235999999999999943e+01 -2.049088833195705783e-01
1.237000000000000099e+01 -1.951109905610355910e-01
1.238000000000000078e+01 -1.852935868660382235e-01
1.239000000000000057e+01 -1.754576539667650203e-01
1.240000000000000036e+01 -1.656041754483094097e-01
1.241000000000000014e+01 -1.557341366503119662e-01
1.241999999999999993e+01 -1.458485245684275067e-01
1.242999999999999972e+01 -1.359483277556262359e-01
1.243999999999999950e+01 -1.260345362233392941e-01
1.245000000000000107e+01 -1.161081413424566861e-01
1.246000000000000085e+01 -1.061701357441980631e-01
1.247000000000000064e+01 -9.622151322083984104e-02
1.248000000000000043e+01 -8.626326862634385584e-02
1.249000000000000021e+01 -7.629639777687105551e-02
1.250000000000000000e+01 -6.632189735120068430e-02
1.250999999999999979e+01 -5.634076479106326502e-02
1.251999999999999957e+01 -4.635399820139721877e-02
1.253000000000000114e+01 -3.636259625053746281e-02
1.254000000000000092e+01 -2.636755807035648380e-02
1.255000000000000071e+01 -1.636988315634136520e-02
1.256000000000000050e+01 -6.370571267652135050e-03
1.257000000000000028e+01 3.629377672855068140e-03
1.258000000000000007e+01 1.362896367861945665e-02
1.258999999999999986e+01 2.362718679937341609e-02
1.259999999999999964e+01 3.362304722113669542e-02
1.260999999999999943e+01 4.361554536619697414e-02
1.262000000000000099e+01 5.360368199306857206e-02
1.263000000000000078e+01 6.358645829640867386e-02
1.264000000000000057e+01 7.356287600690766815e-02
1.265000000000000036e+01 8.353193749110818245e-02
1.266000000000000014e+01 9.349264585116928705e-02
1.266999999999999993e+01 1.034440050245555576e-01
1.267999999999999972e+01 1.133850198836424267e-01
1.268999999999999950e+01 1.233146963352281245e-01
1.270000000000000107e+01 1.332320414199439640e-01
1.271000000000000085e+01 1.431360634115423913e-01
1.272000000000000064e+01 1.530257719160793284e-01
1.273000000000000043e+01 1.629001779709456921e-01
1.274000000000000021e+01 1.727582941437646458e-01
1.275000000000000000e+01 1.825991346311340024e-01
1.275999999999999979e+01 1.924217153572057026e-01
1.276999999999999957e+01 2.022250540720925416e-01
1.278000000000000114e+01 2.120081704500942632e-01
1.279000000000000092e+01 2.217700861877220930e-01
1.280000000000000071e+01 2.315098251015389463e-01
1.281000000000000050e+01 2.412264132257698757e-01
1.282000000000000028e+01 2.509188789096995498e-01
1.283000000000000007e+01 2.605862529148366136e-01
1.283999999999999986e+01 2.702275685118367132e-01
1.284999999999999964e+01 2.798418615771744999e-01
1.285999999999999943e+01 2.894281706895553419e-01
1.287000000000000099e+01 2.989855372260583066e-01
1.288000000000000078e+01 3.085130054579907077e-01
1.289000000000000057e+01 3.180096226464706466e-01
1.290000000000000036e+01 3.274744391376930297e-01
1.291000000000000014e+01 3.369065084578961589e-01
1.291999999999999993e+01 3.463048874080079664e-01
1.292999999999999972e+01 3.556686361579654010e-01
1.293999999999999950e+01 3.649968183406965827e-01
1.295000000000000107e+01 3.742885011457584010e-01
1.296000000000000085e+01 3.835427554126099592e-01
1.297000000000000064e+01 3.927586557235381859e-01
1.298000000000000043e+01 4.019352804961918713e-01
1.299000000000000021e+01 4.110717120757408916e-01
1.300000000000000000e+01 4.201670368266409161e-01
1.300999999999999979e+01 4.292203452239963246e-01
1.301999999999999957e+01 4.382307319445117866e-01
1.303000000000000114e+01 4.471972959570253980e-01
1.304000000000000092e+01 4.561191406126049452e-01
1.305000000000000071e+01 4.649953737342212290e-01
1.306000000000000050e+01 4.738251077059589256e-01
1.307000000000000028e+01 4.826074595617789731e-01
1.308000000000000007e+01 4.913415510738143865e-01
1.308999999999999986e+01 5.000265088401923963e-01
1.309999999999999964e+01 5.086614643723736950e-01
1.310999999999999943e+01 5.172455541820009106e-01
1.312000000000000099e+01 5.257779198672479781e-01
1.313000000000000078e+01 5.342577081986535914e-01
1.314000000000000057e+01 5.426840712044526116e-01
1.315000000000000036e+01 5.510561662553664641e-01
1.316000000000000014e+01 5.593731561488667348e-01
1.316999999999999993e+01 5.676342091928947564e-01
1.317999999999999972e+01 5.758384992890305254e-01
1.318999999999999950e+01 5.839852060151011770e-01
1.320000000000000107e+01 5.920735147072244686e-01
1.321000000000000085e+01 6.001026165412685076e-01
1.322000000000000064e+01 6.080717086137422678e-01
1.323000000000000043e+01 6.159799940220794801e-01
1.324000000000000021e+01 6.238266819443293310e-01
1.325000000000000000e+01 6.316109877182386478e-01
1.325999999999999979e+01 6.393321329197169112e-01
1.326999999999999957e+01 6.469893454406780986e-01
1.328000000000000114e+01 6.545818595662526995e-01
1.329000000000000092e+01 6.621089160513522476e-01
1.330000000000000071e+01 6.695697621966023583e-01
1.331000000000000050e+01 6.769636519236056360e-01
1.332000000000000028e+01 6.842898458495511038e-01
1.333000000000000007e+01 6.915476113611512821e-01
1.333999999999999986e+01 6.987362226879031413e-01
1.334999999999999964e+01 7.058549609746643805e-01
1.335999999999999943e+01 7.129031143535387027e-01
1.337000000000000099e+01 7.198799780150628713e-01
1.338000000000000078e+01 7.267848542786822241e-01
1.339000000000000057e+01 7.336170526625258592e-01
1.340000000000000036e+01 7.403758899524486292e-01
1.341000000000000014e+01 7.470606902703540442e-01
1.341999999999999993e+01 7.536707851417808746e-01
1.342999999999999972e+01 7.602055135627505678e-01
1.343999999999999950e+01 7.666642220658662632e-01
1.345000000000000107e+01 7.730462647856614078e-01
1.346000000000000085e+01 7.793510035231798749e-01
1.347000000000000064e+01 7.855778078098029082e-01
1.348000000000000043e+01 7.917260549702911376e-01
1.349000000000000021e+01 7.977951301850517707e-01
1.350000000000000000e+01 8.037844265516209674e-01
1.350999999999999979e+01 8.096933451453530717e-01
1.351999999999999957e+01 8.155212950793129245e-01
1.353000000000000114e+01 8.212676935633645980e-01
1.354000000000000092e+01 8.269319659624464469e-01
1.355000000000000071e+01 8.325135458540396938e-01
1.356000000000000050e+01 8.380118750848065678e-01
1.357000000000000028e+01 8.434264038264058794e-01
1.358000000000000007e+01 8.487565906304754826e-01
1.358999999999999986e+01 8.540019024827768535e-01
1.359999999999999964e+01 8.591618148564957869e-01
1.360999999999999943e+01 8.642358117646949944e-01
1.362000000000000099e+01 8.692233858119126078e-01
1.363000000000000078e+01 8.741240382448985935e-01
1.364000000000000057e+01 8.789372790024942983e-01
1.365000000000000036e+01 8.836626267646351396e-01
1.366000000000000014e+01 8.882996090004825485e-01
1.366999999999999993e+01 8.928477620156771710e-01
1.367999999999999972e+01 8.973066309987074440e-01
1.368999999999999950e+01 9.016757700663909914e-01
1.370000000000000107e+01 9.059547423084626239e-01
1.371000000000000085e+01 9.101431198312622817e-01
1.372000000000000064e+01 9.142404838005290246e-01
1.373000000000000043e+01 9.182464244832801992e-01
1.374000000000000021e+01 9.221605412887858844e-01
1.375000000000000000e+01 9.259824428086271819e-01
1.375999999999999979e+01 9.297117468558371289e-01
1.376999999999999957e+01 9.333480805031186822e-01
1.378000000000000114e+01 9.368910801201381089e-01
1.379000000000000092e+01 9.403403914098847904e-01
1.380000000000000071e+01 9.436956694441047677e-01
1.381000000000000050e+01 9.469565786977909294e-01
1.382000000000000028e+01 9.501227930827350621e-01
1.383000000000000007e+01 9.531939959801373208e-01
1.383999999999999986e+01 9.561698802722673474e-01
1.384999999999999964e+01 9.590501483731755927e-01
1.385999999999999943e+01 9.618345122584524010e-01
1.387000000000000099e+01 9.645226934940298591e-01
1.388000000000000078e+01 9.671144232640236371e-01
1.389000000000000057e+01 9.696094423976171495e-01
1.390000000000000036e+01 9.720075013949759368e-01
1.391000000000000014e+01 9.743083604521989294e-01
1.391999999999999993e+01 9.765117894852974878e-01
1.392999999999999972e+01 9.786175681532046644e-01
1.393999999999999950e+01 9.806254858798085783e-01
1.395000000000000107e+01 9.825353418750099044e-01
1.396000000000000085e+01 9.843469451548001459e-01
1.397000000000000064e+01 9.860601145603612450e-01
1.398000000000000043e+01 9.876746787761803148e-01
1.399000000000000021e+01 9.891904763471813800e-01
1.400000000000000000e+01 9.906073556948703507e-01
1.400999999999999979e+01 9.919251751324931199e-01
1.401999999999999957e+01 9.931438028792043404e-01
1.403000000000000114e+01 9.942631170732447732e-01
1.404000000000000092e+01 9.952830057841275391e-01
1.405000000000000071e+01 9.962033670238317207e-01
1.406000000000000050e+01 9.970241087570002048e-01
1.407000000000000028e+01 9.977451489101436533e-01
1.408000000000000007e+01 9.983664153798474938e-01
1.408999999999999986e+01 9.988878460399827075e-01
1.409999999999999964e+01 9.993093887479176374e-01
1.410999999999999943e+01 9.996310013497329283e-01
1.412000000000000099e+01 9.998526516844362666e-01
1.413000000000000078e+01 9.999743175871789180e-01
1.414000000000000057e+01 9.999959868914719552e-01
1.415000000000000036e+01 9.999176574304030618e-01
1.416000000000000014e+01 9.997393370368530263e-01
1.416999999999999993e+01 9.994610435427127015e-01
1.417999999999999972e+01 9.990828047770996534e-01
1.418999999999999950e+01 9.986046585635749429e-01
1.420000000000000107e+01 9.980266527163615953e-01
1.421000000000000085e+01 9.973488450355628698e-01
1.422000000000000064e+01 9.965713033013818833e-01
1.423000000000000043e+01 9.956941052673440318e-01
1.424000000000000021e+01 9.947173386525217653e-01
1.425000000000000000e+01 9.936411011327626053e-01
1.425999999999999979e+01 9.924655003309216239e-01
1.426999999999999957e+01 9.911906538060993865e-01
1.428000000000000114e+01 9.898166890418857999e-01
1.429000000000000092e+01 9.883437434336127536e-01
1.430000000000000071e+01 9.867719642746133335e-01
1.431000000000000050e+01 9.851015087414937144e-01
1.432000000000000028e+01 9.833325438784151773e-01
1.433000000000000007e+01 9.814652465803898052e-01
1.433999999999999986e+01 9.794998035755914101e-01
1.434999999999999964e+01 9.774364114066825815e-01
1.435999999999999943e+01 9.752752764111607409e-01
1.437000000000000099e+01 9.730166147007239807e-01
1.438000000000000078e+01 9.706606521396621279e-01
1.439000000000000057e+01 9.682076243222673684e-01
1.440000000000000036e+01 9.656577765492774246e-01
1.441000000000000014e+01 9.630113638033447332e-01
1.441999999999999993e+01 9.602686507235385083e-01
1.442999999999999972e+01 9.574299115788811321e-01
1.443999999999999950e+01 9.544954302409214275e-01
1.445000000000000107e+01 9.514655001553473657e-01
1.446000000000000085e+01 9.483404243126435373e-01
1.447000000000000064e+01 9.451205152177895030e-01
1.448000000000000043e+01 9.418060948590114556e-01
1.449000000000000021e+01 9.383974946755834212e-01
1.450000000000000000e+01 9.348950555246829941e-01
1.450999999999999979e+01 9.312991276473068236e-01
1.451999999999999957e+01 9.276100706332459644e-01
1.453000000000000114e+01 9.238282533851268630e-01
1.454000000000000092e+01 9.199540540815241974e-01
1.455000000000000071e+01 9.159878601391392428e-01
1.456000000000000050e+01 9.119300681740610814e-01
1.457000000000000028e+01 9.077810839621046624e-01
1.458000000000000007e+01 9.035413223982337039e-01
1.458999999999999986e+01 8.992112074550716594e-01
1.459999999999999964e+01 8.947911721405041874e-01
1.460999999999999943e+01 8.902816584543794542e-01
1.462000000000000099e+01 8.856831173443074912e-01
1.463000000000000078e+01 8.809960086605685969e-01
1.464000000000000057e+01 8.762208011101246807e-01
1.465000000000000036e+01 8.713579722097511970e-01
1.466000000000000014e+01 8.664080082382860093e-01
1.466999999999999993e+01 8.613714041880012884e-01
1.467999999999999972e+01 8.562486637151048852e-01
1.468999999999999950e+01 8.510402990893750630e-01
1.470000000000000107e+01 8.457468311429333641e-01
1.471000000000000085e+01 8.403687892181649355e-01
1.472000000000000064e+01 8.349067111147796538e-01
1.473000000000000043e+01 8.293611430360361414e-01
1.474000000000000021e+01 8.237326395341211249e-01
1.475000000000000000e+01 8.180217634546941285e-01
1.475999999999999979e+01 8.122290858806043845e-01
1.476999999999999957e+01 8.063551860747817379e-01
1.478000000000000114e+01 8.004006514223109825e-01
1.479000000000000092e+01 7.943660773716973988e-01
1.480000000000000071e+01 7.882520673753162788e-01
1.481000000000000050e+01 7.820592328290720818e-01
1.482000000000000028e+01 7.757881930112587865e-01
1.483000000000000007e+01 7.694395750206324269e-01
1.483999999999999986e+01 7.630140137137014777e-01
1.484999999999999964e+01 7.565121516412420810e-01
1.485999999999999943e+01 7.499346389840432225e-01
1.487000000000000099e+01 7.432821334878882968e-01
1.488000000000000078e+01 7.365553003977853841e-01
1.489000000000000057e+01 7.297548123914368023e-01
1.490000000000000036e+01 7.228813495119760235e-01
1.491000000000000014e+01 7.159355990999631825e-01
1.491999999999999993e+01 7.089182557246513916e-01
1.492999999999999972e+01 7.018300211145303003e-01
1.493999999999999950e+01 6.946716040871542264e-01
1.495000000000000107e+01 6.874437204782591904e-01
1.496000000000000085e+01 6.801470930701855044e-01
1.497000000000000064e+01 6.727824515195921506e-01
1.498000000000000043e+01 6.653505322844970316e-01
1.499000000000000021e+01 6.578520785506303259e-01
1.500000000000000000e+01 6.502878401571168254e-01
